TOA5	ESOLMET-CR1000	23644	CR1000.Std.16	CPU:2021-05-21-ESOLMET-CR1000.CR1	25840	Tabla_diez_min													
TIMESTAMP	RECORD	I_glo_Avg	I_dir_Avg	I_dif_Avg	AirTC_Avg	AirTC_Max	AirTC_Min	AirTC_Std	RH_Avg	RH_Max	RH_Min	RH_Std	WS_ms_Avg	WS_ms_Max	WS_ms_Min	WS_ms_Std	WindDir	CS106_PB_Avg	Rain_mm_Tot
TS	RN	W/m2	W/m2	W/m2	°C	°C	°C	°C	%	%	%	%	m/s	m/s	m/s	m/s	grados	mbar	mm
		Avg	Avg	Avg	Avg	Max	Min	Std	Avg	Max	Min	Std	Avg	Max	Min	Std	Smp	Avg	Tot
12/03/2022 00:00	42413	0	0.016	0	22.27	22.43	22.09	0.086	28.46	28.86	27.91	0.189	1.895	3.2	0.95	0.456	351.4	875.3632	0
12/03/2022 00:10	42414	0	0.022	0	22.13	22.4	21.85	0.11	28.65	29.14	28.11	0.223	1.941	3.2	0.95	0.376	342.8	875.3472	0
12/03/2022 00:20	42415	0	0.014	0	21.74	22.02	21.44	0.131	29.06	29.75	28.62	0.27	2.214	3.2	1.7	0.408	346.5	875.2731	0
12/03/2022 00:30	42416	0	0.169	0	21.99	22.29	21.65	0.158	28.3	29.34	27.6	0.435	2.336	3.95	0.95	0.579	24.22	875.3141	0
12/03/2022 00:40	42417	0	0.084	0	22.15	22.36	21.92	0.084	28.04	28.62	27.64	0.193	2.083	3.95	0	0.621	354.4	875.2978	0
12/03/2022 00:50	42418	0	0.005	0	21.68	22.02	21.27	0.212	28.79	29.41	28.25	0.278	2.365	3.95	0.95	0.467	348.1	875.0851	0
12/03/2022 01:00	42419	0	0.067	0	21.62	22.02	21.24	0.196	28.32	29.58	27.23	0.615	1.853	3.2	0	0.61	32.25	875.1997	0
12/03/2022 01:10	42420	0	0.197	0	22	22.23	21.85	0.061	27.19	27.5	26.82	0.16	1.826	3.2	0	0.626	15.41	874.9705	0
12/03/2022 01:20	42421	0	0.132	0	21.82	22.05	21.48	0.154	27.28	27.94	26.61	0.248	2.338	3.2	0.95	0.536	1.113	875.0025	0
12/03/2022 01:30	42422	0	0.004	0	21.49	21.75	21.31	0.108	27.3	27.88	26.72	0.266	1.85	3.2	0	0.591	354.5	875.0532	0
12/03/2022 01:40	42423	0	0.001	0	21.38	21.51	21.24	0.047	27.09	27.74	26.38	0.318	0.859	2.45	0	0.693	354.5	875.1504	0
12/03/2022 01:50	42424	0	0.078	0	21.45	21.61	21.27	0.066	26.31	26.89	26.04	0.177	1.414	3.2	0	0.48	350.1	875.1667	0
12/03/2022 02:00	42425	0	0.034	0	21.32	21.44	21.2	0.048	26.62	26.85	26.41	0.082	1.181	2.45	0	0.457	331.5	874.9789	0
12/03/2022 02:10	42426	0	0.056	0	21.11	21.34	20.96	0.074	27.1	27.4	26.72	0.122	1.344	2.45	0	0.666	354.5	874.7498	0
12/03/2022 02:20	42427	0	0.211	0	21.18	21.34	21.03	0.052	27.15	27.74	26.61	0.318	1.894	2.45	0.95	0.436	339.2	874.8805	0
12/03/2022 02:30	42428	0	0.163	0	21.05	21.34	20.66	0.145	27.17	28.05	26.72	0.248	2.741	3.95	1.7	0.381	338.3	874.8807	0
12/03/2022 02:40	42429	0	0	0	20.28	20.73	19.91	0.195	28.6	29.31	27.81	0.374	3.01	3.95	1.7	0.354	339.6	874.9956	0
12/03/2022 02:50	42430	0	0.004	0	19.96	20.11	19.81	0.058	29.11	29.58	28.76	0.155	2.99	3.95	2.45	0.379	337.4	874.7488	0
12/03/2022 03:00	42431	0	0.003	0	19.9	20.01	19.77	0.045	29.34	29.61	29.07	0.104	2.613	3.2	1.7	0.397	347.4	874.7179	0
12/03/2022 03:10	42432	0	0.005	0	19.94	20.15	19.74	0.073	29.51	30.43	28.9	0.391	1.652	2.45	0	0.888	4.403	875.2161	0
12/03/2022 03:20	42433	0	0	0	19.48	19.87	19.06	0.221	31.4	32.58	30.19	0.716	0	0	0	0	323.2	875.1502	0
12/03/2022 03:30	42434	0	0.003	0	19.06	19.26	18.89	0.065	31.73	32.78	30.94	0.423	0.249	1.7	0	0.428	350.1	874.9547	0
12/03/2022 03:40	42435	0	0.041	0	18.83	19.23	18.51	0.216	32.22	33.7	30.98	0.649	1.515	2.45	0	0.461	342.2	875.4865	0
12/03/2022 03:50	42436	0	0.078	0	18.2	18.65	17.93	0.181	33.24	34.45	32.17	0.487	2.634	3.95	1.7	0.434	337.5	875.5595	0
12/03/2022 04:00	42437	0	0.264	0	18.47	18.65	18.24	0.07	32.52	33.33	31.9	0.282	2.725	3.95	1.7	0.372	338.1	875.535	0
12/03/2022 04:10	42438	0	0.157	0	18.58	18.82	18.34	0.12	32.12	32.88	31.59	0.282	2.72	3.95	1.7	0.38	335	875.4941	0
12/03/2022 04:20	42439	0	0.119	0	18.76	18.92	18.58	0.07	31.85	32.48	31.49	0.173	2.404	3.2	1.7	0.345	331.1	875.5519	0
12/03/2022 04:30	42440	0	0.016	0	18.64	18.82	18.37	0.104	32.29	33.02	31.86	0.275	2.17	3.2	1.7	0.37	332.8	875.6083	0
12/03/2022 04:40	42441	0	0.119	0	18.69	18.92	18.44	0.11	32.29	32.88	31.83	0.249	2.284	3.2	1.7	0.332	334.9	875.9937	0
12/03/2022 04:50	42442	0	0.238	0	18.87	19.06	18.58	0.103	32.09	32.78	31.69	0.274	2.67	3.2	1.7	0.355	333.8	876.0744	0
12/03/2022 05:00	42443	0	0.02	0	18.43	18.75	18.14	0.149	33.24	33.94	32.44	0.37	2.879	3.95	1.7	0.43	330.7	875.8867	0
12/03/2022 05:10	42444	0	0.035	0	18.44	18.58	18.27	0.056	33.23	33.6	32.88	0.131	2.715	3.95	1.7	0.533	336.6	875.9193	0
12/03/2022 05:20	42445	0	0.052	0	18.58	18.75	18.34	0.08	32.84	33.43	32.48	0.226	2.321	3.2	1.7	0.32	330.3	876.1405	0
12/03/2022 05:30	42446	0	0.035	0	18.31	18.51	18.03	0.121	33.58	34.38	33.12	0.288	2.79	3.95	1.7	0.414	346.6	876.296	0
12/03/2022 05:40	42447	0	0.024	0	17.9	18.24	17.69	0.119	34.51	35.27	33.6	0.363	2.606	3.2	1.7	0.434	330.9	876.1317	0
12/03/2022 05:50	42448	0	0.227	0	18.44	18.68	18.07	0.155	33.2	33.87	32.71	0.297	2.698	3.2	1.7	0.412	348.6	876.387	0
12/03/2022 06:00	42449	0	0	0	17.87	18.2	17.62	0.142	34.61	35.3	33.74	0.451	2.051	3.2	0	0.513	331	876.81	0
12/03/2022 06:10	42450	0	0.091	0	18.16	18.58	17.66	0.216	33.79	34.86	33.02	0.465	1.465	2.45	0	0.595	329.6	876.4847	0
12/03/2022 06:20	42451	0	0.352	0	18.61	18.89	18.37	0.109	32.64	33.4	32.03	0.309	2.29	3.2	0.95	0.386	337	876.9502	0
12/03/2022 06:30	42452	0	0.058	0	18.12	18.65	17.76	0.243	33.56	34.32	32.41	0.49	2.439	3.2	0.95	0.436	348.5	876.8073	0
12/03/2022 06:40	42453	0	0.006	0	17.77	17.97	17.42	0.135	34.4	35.75	33.57	0.661	2.096	3.2	0.95	0.396	0.169	876.9127	0
12/03/2022 06:50	42454	0.683	0.001	0.189	17.46	17.59	17.28	0.061	35.44	36.05	34.69	0.287	1.574	2.45	0	0.496	0.145	877.1143	0
12/03/2022 07:00	42455	7.287	0.573	5.366	17.57	17.73	17.32	0.086	35.26	35.78	34.66	0.239	0.706	1.7	0	0.615	0.169	877.4879	0
12/03/2022 07:10	42456	20.36	4.457	14.5	17.38	17.63	17.18	0.099	36.02	36.74	35.17	0.319	0.249	1.7	0	0.425	335.1	877.2737	0
12/03/2022 07:20	42457	47.66	186.3	24.27	17.52	17.9	17.25	0.149	35.66	36.74	34.73	0.549	0.006	0.95	0	0.077	4.307	877.6028	0
12/03/2022 07:30	42458	78.95	282.9	33.7	17.97	18.14	17.73	0.09	35.36	36.91	34.79	0.416	0.545	1.7	0	0.685	339.7	877.7124	0
12/03/2022 07:40	42459	116.6	370.7	42.9	17.6	18.31	17.15	0.274	36.27	38.24	34.42	0.943	1.724	2.45	0.95	0.463	325.4	877.758	0
12/03/2022 07:50	42460	156.4	449.3	50.39	18.81	19.23	18.24	0.27	33.78	34.96	32.82	0.544	1.356	2.45	0.95	0.393	327.7	877.9282	0
12/03/2022 08:00	42461	198.2	515.4	55.72	19.23	19.81	18.78	0.295	33.76	34.52	32.71	0.384	1.635	2.45	0.95	0.364	319	877.9906	0
12/03/2022 08:10	42462	239.1	563.3	60.86	20.22	20.73	19.67	0.263	32.24	33.12	30.91	0.532	1.72	2.45	0.95	0.452	280.8	878.0392	0
12/03/2022 08:20	42463	280.3	603.4	65.45	21.09	21.54	20.62	0.245	30.84	31.86	29.51	0.579	1.896	3.2	0.95	0.426	301.6	878.3897	0
12/03/2022 08:30	42464	325.4	646.1	69.85	21.72	21.92	21.48	0.103	31.01	32.13	29.89	0.491	1.911	3.2	0.95	0.566	234.6	878.4299	0
12/03/2022 08:40	42465	369.8	681.9	73.4	21.83	21.99	21.68	0.055	31.31	31.79	30.98	0.159	2.079	3.95	0.95	0.573	230.6	878.5049	0
12/03/2022 08:50	42466	410.4	705	77.93	22.3	22.87	21.75	0.324	30.87	31.56	30.19	0.297	2.325	4.7	0	0.906	207.2	878.512	0
12/03/2022 09:00	42467	452.3	726.2	82.2	22.58	22.77	22.36	0.071	30.92	31.62	30.29	0.266	3.053	4.7	0.95	0.847	143.4	878.7664	0
12/03/2022 09:10	42468	494.7	753.6	84.3	22.72	22.97	22.53	0.093	30.63	31.11	30.09	0.173	2.88	4.7	0	0.788	169	878.9487	0
12/03/2022 09:20	42469	534	777.8	85.7	23.07	23.31	22.73	0.108	30.49	31.15	29.34	0.449	2.419	4.7	0	0.847	133.4	878.8331	0
12/03/2022 09:30	42470	574.2	796	88.9	23.42	23.62	23.18	0.093	30.08	30.7	29.51	0.209	2.631	4.7	0	0.676	190	878.8494	0
12/03/2022 09:40	42471	608.3	804	93	23.81	24.2	23.52	0.134	29.91	30.67	29.24	0.329	2.46	4.7	0.95	0.781	145.6	879.1331	0
12/03/2022 09:50	42472	645.3	822	94.8	24.71	25.05	24.13	0.208	28.9	29.51	28.32	0.26	1.915	4.7	0	0.908	167.3	879.0523	0
12/03/2022 10:00	42473	679.7	832	97.2	24.96	25.42	24.61	0.194	28.52	29.41	27.5	0.371	2.326	5.45	0	0.926	163.6	878.5958	0
12/03/2022 10:10	42474	712.4	840	100	25.2	25.39	24.91	0.083	27.97	28.69	27.53	0.273	2.754	5.45	0	0.96	192.6	878.8065	0
12/03/2022 10:20	42475	744.6	852	101	25.07	26.04	24.4	0.464	28.05	28.83	26.61	0.47	2.331	3.95	0	0.956	137.9	878.9842	0
12/03/2022 10:30	42476	774	859	102.6	25.5	26.04	25.18	0.227	27.33	28.11	26.41	0.382	2.663	4.7	0.95	0.746	145.1	878.7633	0
12/03/2022 10:40	42477	804	870	103.3	25.97	26.4	25.45	0.252	26.89	27.63	26.3	0.237	2.236	4.7	0	1.12	160.8	878.8752	0
12/03/2022 10:50	42478	833	878	104.2	25.86	26.23	25.41	0.189	27.11	28.18	26.37	0.407	3.132	5.45	0	0.921	223.9	878.5411	0
12/03/2022 11:00	42479	859	889	103.6	26.23	27.39	25.48	0.581	26.36	27.46	24.7	0.797	1.631	3.95	0	0.978	248.6	878.8102	0
12/03/2022 11:10	42480	879	891	104.7	27.2	27.73	26.74	0.266	25.21	25.93	24.33	0.34	1.685	4.7	0	1.171	180.9	878.7836	0
12/03/2022 11:20	42481	899	889	108	26.96	27.42	26.64	0.203	25.58	26.06	24.94	0.237	1.671	3.95	0	0.581	44.6	878.5255	0
12/03/2022 11:30	42482	910	880	112.7	27.65	28.34	26.91	0.503	25.28	25.99	24.26	0.395	1.5	4.7	0	1.031	57.37	878.4142	0
12/03/2022 11:40	42483	925	878	115.6	28.41	28.82	27.9	0.201	24.66	25.38	24.05	0.285	1.696	4.7	0	1.031	272.9	878.1921	0
12/03/2022 11:50	42484	934	874	117.7	28.42	29.26	27.52	0.446	24.72	25.79	23.57	0.509	1.564	5.45	0	1.301	210.1	878.0502	0
12/03/2022 12:00	42485	948	874	121.6	27.88	29.05	27.11	0.614	25.69	26.61	24.66	0.433	1.891	5.45	0	1.228	221.1	877.6859	0
12/03/2022 12:10	42486	961	876	123.8	28.92	29.12	28.54	0.106	24.96	25.55	24.19	0.271	2.69	6.2	0	1.128	178	877.7161	0
12/03/2022 12:20	42487	963	869	125.7	28.56	28.92	28.13	0.203	25.2	25.82	24.43	0.282	2.603	6.2	0	1.397	244.9	877.4192	0
12/03/2022 12:30	42488	964	867	126.2	28.14	28.61	27.79	0.191	25.67	26.16	24.97	0.232	1.726	4.7	0	1.155	196	877.2247	0
12/03/2022 12:40	42489	963	858	128.7	28.03	28.74	27.59	0.304	25.9	26.47	24.7	0.38	2.034	4.7	0	0.891	223.4	877.165	0
12/03/2022 12:50	42490	961	855	130.2	29.16	29.94	28.23	0.457	24.91	26.06	24.12	0.451	1.082	3.95	0	0.936	35.53	876.8461	0
12/03/2022 13:00	42491	962	857	130	29.56	30.24	28.78	0.409	24.88	25.72	23.95	0.503	1.229	3.95	0	1.071	290	876.8545	0
12/03/2022 13:10	42492	959	858	128.6	29.71	30.28	28.95	0.41	24.84	25.65	24.12	0.366	1.361	3.95	0	0.961	139.4	876.6747	0
12/03/2022 13:20	42493	954	857	128.1	30.66	31.16	30.01	0.315	24.16	25.11	22.99	0.354	0.94	3.2	0	0.858	29.41	876.4359	0
12/03/2022 13:30	42494	942	850	127.4	31.14	31.78	30.62	0.26	23.73	24.39	23.03	0.299	0.826	2.45	0	0.75	147.8	876.258	0
12/03/2022 13:40	42495	938	848	128.1	31.31	32.12	29.94	0.736	23.95	25.89	22.65	0.961	1.759	3.95	0	1.002	151.3	876.0774	0
12/03/2022 13:50	42496	933	847	129.4	30.16	30.52	29.73	0.219	25.5	26.4	24.9	0.284	2.302	6.2	0	1.328	242.6	876.0043	0
12/03/2022 14:00	42497	920	836	130.7	29.5	29.97	29.12	0.212	26.7	27.59	25.69	0.365	3.079	5.45	0.95	1.173	316	875.5367	0
12/03/2022 14:10	42498	905	835	129.5	29.76	30.75	28.92	0.573	26.59	27.66	25.86	0.458	2.537	6.2	0	1.38	192.7	875.3835	0
12/03/2022 14:20	42499	895	834	129.6	30.55	30.92	30.14	0.208	26.49	27.15	25.89	0.292	3.202	6.95	0	1.37	164.1	875.1863	0
12/03/2022 14:30	42500	872	826	128.2	30.95	31.3	30.62	0.137	26.08	26.91	25.38	0.266	1.926	6.2	0	1.158	111.6	874.9684	0
12/03/2022 14:40	42501	849	817	125.3	31.25	32.02	30.31	0.524	25.85	27.25	24.7	0.699	2.272	6.2	0	1.622	160.3	874.8436	0
12/03/2022 14:50	42502	836	824	122.1	31.14	31.61	30.52	0.231	25.85	26.84	25.24	0.315	2.135	5.45	0	1.25	271.5	874.7773	0
12/03/2022 15:00	42503	815	818	119.9	30.54	31.5	30.04	0.328	26.76	27.66	25.31	0.474	3.516	6.2	0.95	1.055	175.2	874.6144	0
12/03/2022 15:10	42504	786.6	816	117	31.19	31.81	30.45	0.367	25.97	27.05	25.07	0.51	0.996	3.2	0	0.812	259.5	874.2458	0
12/03/2022 15:20	42505	759.4	807	114.9	31.48	31.95	31.06	0.186	25.64	26.26	24.7	0.311	2.99	7.7	0	1.586	186.3	874.1234	0
12/03/2022 15:30	42506	736.3	800	113.5	30.42	31.1	29.83	0.287	26.82	27.7	25.86	0.411	3.691	7.7	1.7	1.12	203.2	873.9434	0
12/03/2022 15:40	42507	693.2	774.9	113.1	30.57	31.37	30.04	0.412	26.54	27.35	25.28	0.468	2.666	5.45	0.95	0.904	268.6	873.5095	0
12/03/2022 15:50	42508	656.2	751.9	113.7	31.35	32.15	30.69	0.425	25.58	26.4	24.56	0.538	2.73	7.7	0	1.508	213.1	873.8305	0
12/03/2022 16:00	42509	623.4	734.9	114.6	31.94	32.25	31.64	0.164	24.88	25.65	24.12	0.364	3.796	9.2	0	1.473	179.6	873.4858	0
12/03/2022 16:10	42510	586.4	717.5	113.1	31.08	31.78	30.65	0.285	25.46	26.09	24.6	0.363	2.486	5.45	0	1.006	267.5	873.7148	0
12/03/2022 16:20	42511	546.9	702.2	108.3	31.45	32.15	30.92	0.342	25.37	25.99	24.8	0.278	2.334	4.7	0	1.043	136.3	873.2404	0
12/03/2022 16:30	42512	507.9	682.8	102.8	32.06	32.36	31.74	0.142	24.38	25.48	23.57	0.443	3.157	6.95	0	1.575	186.2	873.4404	0
12/03/2022 16:40	42513	468.4	659.5	98.6	31.44	31.95	30.75	0.345	24.48	25.52	23.74	0.485	2.805	4.7	0	1.038	206.7	873.6088	0
12/03/2022 16:50	42514	425.7	634.7	92.7	30.96	31.44	30.62	0.191	24.79	25.79	23.81	0.476	2.809	5.45	0	1.044	186.1	873.5176	0
12/03/2022 17:00	42515	381.1	610.6	86.3	31.26	31.84	30.86	0.208	24.25	24.77	23.81	0.172	1.09	3.2	0	0.779	209.2	873.0783	0
12/03/2022 17:10	42516	340.6	585.1	80.8	32.26	32.66	31.71	0.205	23.34	24.39	22.72	0.392	1.499	4.7	0	1.142	196.8	873.1824	0
12/03/2022 17:20	42517	291.3	530.2	75.34	31.99	32.36	31.71	0.146	23.48	23.98	22.79	0.235	1.904	4.7	0	1.112	186.3	873.291	0
12/03/2022 17:30	42518	247.9	491.7	68.27	31.93	32.49	31.37	0.328	23.08	23.61	22.52	0.265	1.855	4.7	0	1.289	220.3	873.0444	0
12/03/2022 17:40	42519	203.5	433.2	61.95	31.54	31.91	30.96	0.219	23.11	23.91	22.24	0.385	2.573	5.45	0.95	0.921	225.2	873.3624	0
12/03/2022 17:50	42520	163.5	376.8	55.04	31.1	31.34	30.86	0.086	23.44	24.02	22.86	0.237	2.139	3.95	0	0.854	191.6	873.3601	0
12/03/2022 18:00	42521	125.7	315.4	47.22	30.95	31.13	30.79	0.06	23.89	24.49	23.23	0.259	2.464	4.7	0.95	0.805	171.3	873.5956	0
12/03/2022 18:10	42522	94.1	265.6	39.25	30.84	31.1	30.59	0.109	23.64	24.36	23.1	0.258	1.935	3.95	0	1.004	144.2	873.4115	0
12/03/2022 18:20	42523	62.23	193.7	30.31	30.94	31.13	30.76	0.074	23.02	23.54	22.42	0.22	1.511	3.2	0	0.75	200.4	873.65	0
12/03/2022 18:30	42524	33.94	100.9	20.39	30.6	30.89	30.31	0.148	23.08	23.71	22.52	0.258	1.823	3.2	0	0.65	167.2	873.8269	0
12/03/2022 18:40	42525	11.28	1.355	8.82	30.25	30.45	30.04	0.066	23.23	23.88	22.89	0.248	0.486	2.45	0	0.601	221.8	873.7701	0
12/03/2022 18:50	42526	1.493	0.01	0.811	29.92	30.21	29.64	0.114	23.71	24.02	23.34	0.155	1.205	2.45	0	0.804	178.2	873.7039	0
12/03/2022 19:00	42527	0	0.008	0	29.51	29.81	29.23	0.116	24.53	25.21	23.78	0.283	1.486	2.45	0	0.446	178.1	873.8262	0
12/03/2022 19:10	42528	0	0.001	0	29.19	29.4	29.03	0.079	25.39	25.99	24.94	0.182	0.223	1.7	0	0.416	173	873.7988	0
12/03/2022 19:20	42529	0	0.01	0	28.8	29.13	28.48	0.159	26.57	27.9	25.48	0.607	0.57	1.7	0	0.613	316	873.7189	0
12/03/2022 19:30	42530	0	0.018	0	28.79	28.96	28.55	0.074	25.55	27.15	25.08	0.291	0.713	1.7	0	0.478	295.9	874.1337	0
12/03/2022 19:40	42531	0	0.004	0	28.1	28.79	27.36	0.422	28.26	29.68	25.82	0.98	0.913	2.45	0	0.764	354.4	874.2649	0
12/03/2022 19:50	42532	0	0.006	0	27.1	27.43	26.82	0.159	29.47	30.43	28.42	0.527	1.24	2.45	0	0.632	5.467	874.051	0
12/03/2022 20:00	42533	0	0.009	0	26.56	27.06	26.24	0.24	30.56	31.79	29.64	0.526	1.64	2.45	0	0.554	336.7	874.4975	0
12/03/2022 20:10	42534	0	0.016	0	26.41	26.65	26.04	0.148	30.27	31.21	29.68	0.344	2.339	3.2	1.7	0.406	329.4	874.2976	0
12/03/2022 20:20	42535	0	0.007	0	25.71	26.17	25.42	0.161	31.44	32.27	30.63	0.402	2.728	3.95	1.7	0.42	341	874.6962	0
12/03/2022 20:30	42536	0	0.006	0	25.85	25.97	25.73	0.04	31.25	31.69	30.63	0.252	1.203	3.2	0	0.989	16.84	874.9363	0
12/03/2022 20:40	42537	0	0.014	0	26.03	26.21	25.83	0.083	31.88	32.64	31.35	0.299	0.488	1.7	0	0.585	168.1	875.0669	0
12/03/2022 20:50	42538	0	0.011	0	25.94	26.14	25.73	0.101	32.65	33.26	32.17	0.259	0.301	1.7	0	0.483	277.1	875.397	0
12/03/2022 21:00	42539	0	0.172	0	26.33	26.55	26.04	0.108	32.37	33.22	31.83	0.286	0.708	1.7	0	0.547	23.86	875.4838	0
12/03/2022 21:10	42540	0	0.007	0	25.81	26.52	25.32	0.403	33.34	34.79	32.07	0.698	0.307	1.7	0	0.517	141.8	875.9199	0
12/03/2022 21:20	42541	0	0.283	0	25.64	26.07	25.32	0.216	34.43	35.27	33.6	0.413	2.158	4.7	0	0.947	220.2	876.2195	0
12/03/2022 21:30	42542	0	0.233	0	26.06	26.24	25.8	0.079	34.51	35.17	33.73	0.353	2.339	4.7	0	0.781	146.2	876.4586	0
12/03/2022 21:40	42543	0	0.038	0	25.96	26.18	25.73	0.098	35.51	36.15	34.93	0.313	1.763	3.2	0	0.621	178.7	876.6152	0
12/03/2022 21:50	42544	0	0.009	0	25.68	25.94	25.53	0.079	36.47	36.97	35.98	0.21	1.477	2.45	0	0.432	173.9	876.6158	0
12/03/2022 22:00	42545	0	0.008	0	25.52	25.7	25.29	0.075	36.9	37.28	36.56	0.162	1.063	2.45	0	0.681	197.5	876.9322	0
12/03/2022 22:10	42546	0	0.01	0	25.3	25.46	25.12	0.056	36.94	37.24	36.46	0.179	0.607	2.45	0	0.581	225.5	877.0966	0
12/03/2022 22:20	42547	0	0.031	0	25.02	25.39	24.51	0.266	37.54	39.26	36.53	0.817	1.325	3.95	0	0.847	167.4	877.3314	0
12/03/2022 22:30	42548	0	0.142	0	24.48	24.64	24.3	0.056	39.16	39.6	38.88	0.141	3.102	5.45	0	0.922	163.8	877.3521	0
12/03/2022 22:40	42549	0	0.018	0	24.23	24.44	24.06	0.084	39.72	40.07	39.32	0.155	3.093	6.95	0.95	0.909	141.7	877.4348	0
12/03/2022 22:50	42550	0	0.012	0	24.09	24.23	23.96	0.046	39.93	40.21	39.67	0.098	2.57	5.45	0	0.946	115.5	877.5184	0
12/03/2022 23:00	42551	0	0.005	0	23.92	24.13	23.69	0.095	40.48	41.03	39.84	0.313	1.383	3.2	0	0.566	151.6	877.579	0
12/03/2022 23:10	42552	0	0.039	0	23.82	24	23.66	0.071	40.75	41.2	40.31	0.251	1.144	3.95	0	0.87	106.1	877.8333	0
12/03/2022 23:20	42553	0	0.013	0	23.7	23.89	23.52	0.064	41.17	41.51	40.82	0.157	1.135	2.45	0	0.556	93.4	877.8712	0
12/03/2022 23:30	42554	0	0.121	0	23.68	23.83	23.52	0.048	40.88	41.51	40.52	0.148	1.758	3.95	0	0.752	98.2	877.7427	0
12/03/2022 23:40	42555	0	0.009	0	23.6	23.76	23.42	0.059	41.19	41.61	40.86	0.177	0.623	2.45	0	0.676	81.8	877.7922	0
12/03/2022 23:50	42556	0	0.002	0	23.35	23.55	23.11	0.098	41.98	42.6	41.44	0.304	0.238	1.7	0	0.465	182.5	877.8741	0
13/03/2022 00:00	42557	0	0.005	0	22.72	23.28	22.16	0.355	44.05	45.53	42.32	1.022	1.197	2.45	0	0.774	329.7	877.9158	0
13/03/2022 00:10	42558	0	0.005	0	22.03	22.57	21.58	0.216	45.63	46.72	44.27	0.499	1.638	2.45	0	0.424	297.5	878.0947	0
13/03/2022 00:20	42559	0	0.001	0	21.94	22.16	21.68	0.112	45.61	46	45.25	0.179	0.245	1.7	0	0.475	290.8	878.2752	0
13/03/2022 00:30	42560	0	0.209	0	22.05	22.29	21.75	0.097	44.69	45.77	43.62	0.406	1.92	3.2	0.95	0.513	316.1	878.1763	0
13/03/2022 00:40	42561	0	0.007	0	21.81	22.05	21.48	0.128	45.41	46.14	44.68	0.38	1.153	2.45	0	0.545	336.6	878.4556	0
13/03/2022 00:50	42562	0	0.005	0	21.53	21.68	21.37	0.051	46.12	46.52	45.77	0.137	0.993	1.7	0	0.527	244.4	878.422	0
13/03/2022 01:00	42563	0	0.016	0	21.36	21.51	21.2	0.057	46.91	47.37	46.35	0.248	1.348	2.45	0	0.458	295	878.4459	0
13/03/2022 01:10	42564	0	0.008	0	21.15	21.37	21	0.062	47.7	48.01	47.2	0.163	0.901	2.45	0	0.589	291.1	878.3242	0
13/03/2022 01:20	42565	0	0.004	0	21.01	21.2	20.76	0.087	48.16	48.59	47.78	0.215	0.428	1.7	0	0.522	211.1	878.3735	0
13/03/2022 01:30	42566	0	0.011	0	20.82	21	20.62	0.071	48.61	49.14	48.29	0.171	0.986	2.45	0	0.524	264.8	878.4384	0
13/03/2022 01:40	42567	0	0.005	0	20.59	20.76	20.42	0.065	49.14	49.41	48.8	0.095	0.46	1.7	0	0.52	264.1	878.3722	0
13/03/2022 01:50	42568	0	0.011	0	20.4	20.62	20.04	0.127	49.34	50.13	48.59	0.372	0.781	2.45	0	0.637	331	877.9893	0
13/03/2022 02:00	42569	0	0.022	0	20.16	20.28	20.01	0.048	49.73	50.26	49.41	0.198	1.444	2.45	0	0.436	271.7	877.9879	0
13/03/2022 02:10	42570	0	0.012	0	19.94	20.21	19.77	0.084	50.24	50.57	49.62	0.175	1.207	2.45	0	0.527	345	878.1607	0
13/03/2022 02:20	42571	0	0.007	0	19.6	19.98	19.29	0.181	51.28	52.17	50.13	0.565	1.455	2.45	0	0.414	313.9	878.2751	0
13/03/2022 02:30	42572	0	0.01	0	19.5	19.77	19.06	0.151	51.46	52.99	50.71	0.599	1.434	2.45	0	0.495	4.379	878.2423	0
13/03/2022 02:40	42573	0	0.012	0	19.03	19.26	18.85	0.087	52.89	53.4	52.38	0.213	2.196	3.2	0.95	0.404	324.1	878.3399	0
13/03/2022 02:50	42574	0	0.055	0	19.22	19.5	18.85	0.148	52.19	53.13	51.59	0.412	1.769	3.2	0.95	0.488	329.6	878.3326	0
13/03/2022 03:00	42575	0	0.01	0	18.72	19.16	18.44	0.154	53.53	54.18	52.75	0.402	2.31	3.95	0.95	0.528	319.9	878.3229	0
13/03/2022 03:10	42576	0	0.009	0	18.58	18.92	18.2	0.189	54.01	54.93	53.09	0.568	1.988	3.2	0.95	0.397	350.8	877.9722	0
13/03/2022 03:20	42577	0	0.008	0	18.35	18.51	18.14	0.069	54.6	55	54.15	0.193	1.93	2.45	0.95	0.403	349.2	878.4147	0
13/03/2022 03:30	42578	0	0.005	0	18.18	18.37	18.03	0.065	55.14	55.51	54.73	0.176	1.598	2.45	0.95	0.381	4.355	878.1521	0
13/03/2022 03:40	42579	0	0.002	0	17.94	18.2	17.52	0.2	56.05	57.25	55.24	0.647	1.741	3.2	0	0.597	327.8	878.2089	0
13/03/2022 03:50	42580	0	0.09	0	17.98	18.24	17.52	0.183	55.53	56.98	54.73	0.607	1.771	2.45	0.95	0.377	329.8	878.2266	0
13/03/2022 04:00	42581	0	0.108	0	18.08	18.27	17.9	0.089	55.3	56.06	54.69	0.366	1.9	2.45	0.95	0.361	315.8	878.0868	0
13/03/2022 04:10	42582	0	0.262	0	18.36	18.65	18.1	0.14	54.31	54.97	53.4	0.46	2.26	3.2	1.7	0.399	290.9	878.5114	0
13/03/2022 04:20	42583	0	0.134	0	18.45	18.68	18.27	0.078	54.04	54.76	53.47	0.325	1.824	3.2	0.95	0.485	293	878.4068	0
13/03/2022 04:30	42584	0	0.012	0	18.49	18.65	18.31	0.069	53.76	54.39	53.33	0.278	0.856	2.45	0	0.666	300.9	878.3721	0
13/03/2022 04:40	42585	0	0.005	0	18.21	18.48	17.69	0.188	54.73	56.36	54.11	0.612	1.012	2.45	0	0.746	333	878.5367	0
13/03/2022 04:50	42586	0	0.006	0	17.45	17.83	16.91	0.269	57.31	59.33	55.89	1.067	1.958	3.2	0.95	0.417	333	878.4721	0
13/03/2022 05:00	42587	0	0.005	0	16.91	17.05	16.77	0.045	59.09	59.46	58.82	0.127	2.533	3.2	0.95	0.421	337.8	878.6259	0
13/03/2022 05:10	42588	0	0.022	0	16.91	17.18	16.7	0.104	59.23	59.7	58.51	0.329	1.904	3.2	0.95	0.429	324.4	878.5206	0
13/03/2022 05:20	42589	0	0.157	0	17.2	17.56	16.91	0.163	58.17	59.12	56.91	0.693	1.749	3.2	0.95	0.453	307.8	878.621	0
13/03/2022 05:30	42590	0	0.019	0	17.08	17.53	16.6	0.247	58.5	59.98	57.15	0.771	1.915	3.2	0.95	0.524	344.3	878.989	0
13/03/2022 05:40	42591	0	0.008	0	16.69	16.98	16.5	0.095	59.9	60.35	59.26	0.258	1.719	3.2	0.95	0.485	4.307	879.0552	0
13/03/2022 05:50	42592	0	0.035	0	16.95	17.12	16.78	0.07	59.14	59.74	58.55	0.276	1.335	2.45	0	0.408	353.7	878.9643	0
13/03/2022 06:00	42593	0	0.021	0	16.78	16.98	16.61	0.067	59.33	59.64	58.89	0.15	1.07	1.7	0	0.49	349.9	878.9504	0
13/03/2022 06:10	42594	0	0.071	0	17.03	17.26	16.78	0.111	58.29	59.1	57.6	0.394	0.94	1.7	0	0.426	316.9	879.308	0
13/03/2022 06:20	42595	0	0.074	0	16.76	17.02	16.54	0.077	59.17	59.71	58.55	0.242	1.353	1.7	0.95	0.374	326.1	879.1449	0
13/03/2022 06:30	42596	0	0.164	0	16.85	16.99	16.58	0.088	58.89	59.81	58.38	0.329	1.586	2.45	0	0.518	343.8	879.1938	0
13/03/2022 06:40	42597	0	0.057	0	16.44	16.68	16.06	0.146	60.36	61.72	59.47	0.622	1.678	2.45	0.95	0.379	335	879.3842	0
13/03/2022 06:50	42598	1.116	0.001	0.417	16.2	16.34	16.03	0.051	61.29	61.66	60.9	0.181	0.472	1.7	0	0.503	11.66	879.5496	0
13/03/2022 07:00	42599	7.811	0.394	5.971	16.19	16.37	16.03	0.049	61.37	61.69	60.91	0.177	0.063	0.95	0	0.237	329	879.7985	0
13/03/2022 07:10	42600	21.45	47.82	16.35	16.32	16.58	16.1	0.086	60.71	61.28	59.85	0.323	0.95	1.7	0	0.449	310.1	879.4915	0
13/03/2022 07:20	42601	52.03	210.8	26.25	16.73	16.99	16.44	0.129	59.31	59.92	58.73	0.385	0.647	1.7	0	0.493	309	879.935	0
13/03/2022 07:30	42602	85.1	316.9	34.72	17.03	17.19	16.85	0.059	58.61	59.17	58.18	0.209	0.655	1.7	0	0.564	319	879.9018	0
13/03/2022 07:40	42603	122.1	401.2	42.5	16.99	17.23	16.85	0.081	58.69	59.17	57.8	0.285	1.54	2.45	0	0.438	302.1	880.1854	0
13/03/2022 07:50	42604	161.5	472.2	49	17.48	17.8	17.09	0.165	57.07	58.11	56.17	0.469	1.474	2.45	0	0.483	265.6	880.2832	0
13/03/2022 08:00	42605	200.6	525.5	54.66	18.06	18.41	17.7	0.173	55.05	56.3	53.95	0.656	1.112	2.45	0	0.548	237	880.1412	0
13/03/2022 08:10	42606	242	571.9	60.22	18.83	19.4	18.24	0.329	52.63	54.42	50.3	1.155	1.259	2.45	0	0.453	184	880.4334	0
13/03/2022 08:20	42607	283.9	613.8	65.27	19.62	20.01	19.19	0.218	50.11	51.32	49.31	0.476	0.813	2.45	0	0.684	163.6	880.5084	0
13/03/2022 08:30	42608	326.1	643.7	70.83	19.68	20.11	19.26	0.196	50.1	51.29	49.14	0.524	1.726	3.95	0	0.924	193.5	880.7786	0
13/03/2022 08:40	42609	374.5	690.6	74.11	19.42	19.6	19.19	0.081	50.07	50.91	49.34	0.316	2.251	3.95	0	0.7	129.5	880.9417	0
13/03/2022 08:50	42610	419.5	723.3	77.91	19.75	20.01	19.43	0.108	49.31	50.57	48.42	0.425	2.313	3.2	0	0.61	127.2	880.9251	0
13/03/2022 09:00	42611	459.6	740.8	83	20.11	20.39	19.84	0.119	48.59	49.45	47.71	0.359	2.769	5.45	0	0.961	124.9	881.1213	0
13/03/2022 09:10	42612	500.3	758.4	87.9	20	20.28	19.67	0.108	48.1	49.21	47.16	0.397	3.011	5.45	0.95	0.794	NAN	881.2109	0
13/03/2022 09:20	42613	539.7	772.4	94.2	20.26	20.62	19.7	0.209	47.36	49.24	46.17	0.671	2.615	4.7	0	0.644	NAN	881.3184	0
13/03/2022 09:30	42614	577.3	785.5	99.3	20.4	20.73	20.11	0.151	47.05	48.29	45.97	0.516	2.455	4.7	0	0.949	NAN	881.4565	0
13/03/2022 09:40	42615	609.2	785.1	107.7	21	21.92	20.11	0.511	45.61	48.15	43.21	1.332	1.729	3.95	0	0.827	NAN	881.483	0
13/03/2022 09:50	42616	624.8	745.8	124.8	22.03	22.39	21.64	0.16	43.56	45.05	42.56	0.609	1.525	3.95	0	0.883	NAN	881.367	0
13/03/2022 10:00	42617	653.3	741.8	132	21.57	22.02	21.06	0.276	44.53	46.48	43.21	0.904	2.094	4.7	0	0.867	NAN	881.3621	0
13/03/2022 10:10	42618	687.2	763.7	130.6	21.64	22.02	21.4	0.133	44.3	45.29	42.9	0.493	2.003	4.7	0	0.772	NAN	881.3496	0
13/03/2022 10:20	42619	723	783.5	130.1	21.64	22.05	21.37	0.161	44.36	45.39	43.07	0.398	1.791	3.95	0	0.965	NAN	881.2914	0
13/03/2022 10:30	42620	755.4	798.7	127.8	21.81	22.46	21.44	0.303	44.18	45.69	42.32	0.818	2.602	4.7	0	0.972	65.97	881.2054	0
13/03/2022 10:40	42621	789.1	825	123.6	22.94	23.31	22.39	0.182	41.2	43	40.24	0.598	1.284	3.95	0	0.841	161.9	881.1944	0
13/03/2022 10:50	42622	813	760.9	121.1	23.51	24.03	23	0.265	40.17	41.09	38.74	0.533	0.981	3.2	0	0.808	117.2	881.1627	0
13/03/2022 11:00	42623	816	844	120.9	23.83	24.71	23.11	0.532	39.91	42.42	37.24	1.272	1.687	3.95	0	1.095	154.8	881.0845	0
13/03/2022 11:10	42624	876	863	118.3	23.73	24.33	23.38	0.219	39.67	41.13	37.86	0.733	2.648	5.45	0	1.131	141	881.2042	0
13/03/2022 11:20	42625	898	877	114.9	24.77	25.28	24.23	0.302	37.41	38.71	36.36	0.61	1.053	3.2	0	0.806	87.8	880.7974	0
13/03/2022 11:30	42626	917	882	114.2	25.17	25.56	24.88	0.197	36.79	37.72	35.54	0.503	1.702	3.2	0	0.713	98.5	880.6365	0
13/03/2022 11:40	42627	930	882	114.7	25.24	25.66	24.91	0.156	36.65	37.55	35.78	0.362	2.001	4.7	0	1.113	189.5	880.4557	0
13/03/2022 11:50	42628	947	892	113.3	25.09	25.72	24.66	0.259	37.04	38.06	35.3	0.639	1.816	4.7	0	0.929	83.5	880.2664	0
13/03/2022 12:00	42629	960	898	112.5	25.21	25.82	24.63	0.3	36.95	38.12	35.33	0.715	2.402	6.2	0	1.293	132.2	879.6119	0
13/03/2022 12:10	42630	975	909	109.6	25.23	25.72	24.84	0.238	36.58	37.82	35.2	0.673	2.025	3.95	0	0.671	44.22	879.9059	0
13/03/2022 12:20	42631	973	903	109.7	25.65	25.99	24.97	0.277	35.98	37.75	34.82	0.725	1.716	4.7	0	0.921	286	879.6285	0
13/03/2022 12:30	42632	981	906	109.5	25.85	26.91	25.07	0.514	35.69	37.51	33.39	1.005	1.836	4.7	0	1.093	175.2	879.225	0
13/03/2022 12:40	42633	990	914	107.6	26.9	27.59	26.37	0.296	33.79	34.92	32.37	0.503	2.541	5.45	0	1.287	62.99	879.2488	0
13/03/2022 12:50	42634	993	919	105.5	26.84	27.59	26.13	0.438	33.84	34.92	32.67	0.609	1.706	4.7	0	1.055	131.1	878.8386	0
13/03/2022 13:00	42635	994	920	104.9	26.99	27.52	26.36	0.389	33.41	34.44	32.36	0.556	1.724	4.7	0	1.209	143.9	878.7547	0
13/03/2022 13:10	42636	985	916	104.3	27.17	27.73	26.57	0.242	33.45	34.58	32.43	0.455	2.349	4.7	0	0.938	186.6	878.4409	0
13/03/2022 13:20	42637	981	915	104.5	27.69	28.17	26.67	0.374	32.47	33.42	31.41	0.562	2.172	4.7	0	0.848	206.5	878.2372	0
13/03/2022 13:30	42638	973	913	103.7	27.57	28.34	26.5	0.624	32.63	34.24	31.34	0.889	1.676	3.95	0	0.835	121.1	877.9281	0
13/03/2022 13:40	42639	966	910	101.6	27.85	28.44	27.48	0.228	32.26	33.21	31.14	0.455	2.141	4.7	0	1.109	98.2	877.5471	0
13/03/2022 13:50	42640	954	905	101.4	28.29	28.81	27.76	0.313	31.72	32.81	30.56	0.585	2.551	5.45	0	1.042	67.34	877.384	0
13/03/2022 14:00	42641	942	904	99.8	28.04	28.61	27.62	0.279	31.48	32.36	30.35	0.478	1.771	3.95	0	0.86	35.89	877.24	0
13/03/2022 14:10	42642	928	905	97	28.24	28.85	27.69	0.342	30.96	31.78	29.77	0.581	1.471	4.7	0	1.012	33.33	876.958	0
13/03/2022 14:20	42643	916	901	96.8	28.33	28.98	27.83	0.34	30.48	31.38	29.4	0.513	2.035	4.7	0	0.948	51.25	876.7876	0
13/03/2022 14:30	42644	895	895	95.9	29.48	30.14	28.95	0.266	29.1	29.84	27.9	0.333	1.962	4.7	0	1.045	134.1	876.7974	0
13/03/2022 14:40	42645	876	893	94.6	29.64	30.07	29.19	0.198	28.94	29.5	28.27	0.265	1.561	3.95	0	0.919	197.6	876.5623	0
13/03/2022 14:50	42646	857	888	93.1	29.69	30.31	29.02	0.423	28.77	29.77	27.73	0.519	2.449	5.45	0	1.137	87.4	876.201	0
13/03/2022 15:00	42647	829	877	92	29.49	30.07	28.95	0.316	28.88	29.84	27.83	0.465	2.067	4.7	0	1.14	167.1	875.9717	0
13/03/2022 15:10	42648	799.7	868	91.9	30.24	31.1	29.8	0.34	28.08	28.99	26.71	0.488	1.552	4.7	0	1.149	292.2	875.7	0
13/03/2022 15:20	42649	769.3	857	90.5	30.73	31.2	30.28	0.205	27.57	28.34	26.64	0.388	1.808	4.7	0	1.02	98.8	875.4359	0
13/03/2022 15:30	42650	744.7	849	89.3	29.83	30.82	29.29	0.374	28.24	29.16	26.98	0.501	2.064	4.7	0	1.089	66.56	875.5168	0
13/03/2022 15:40	42651	706.3	835	87.8	30.54	31.13	29.66	0.405	27.27	28.24	26.33	0.552	2.014	5.45	0	1.084	199.3	875.072	0
13/03/2022 15:50	42652	672.2	825	86.1	30.23	30.96	29.6	0.451	27.6	28.44	26.61	0.516	1.243	3.2	0	0.907	73.62	875.2519	0
13/03/2022 16:00	42653	634.5	806	85.7	30.85	31.47	30.24	0.371	27.06	28.24	25.62	0.706	1.509	3.95	0	0.877	114.9	875.121	0
13/03/2022 16:10	42654	596.9	783.9	85.3	30.71	31.1	30.45	0.129	26.91	27.63	26.3	0.287	2.131	4.7	0.95	0.75	88.5	875.0557	0
13/03/2022 16:20	42655	561.2	769.3	84.2	30.06	30.69	29.7	0.229	27.62	28.21	26.71	0.337	1.996	3.95	0	0.821	118.7	874.4984	0
13/03/2022 16:30	42656	523.4	750.5	82.5	30.22	30.52	29.87	0.14	27.28	27.83	26.78	0.197	1.84	3.95	0	0.885	14	874.4041	0
13/03/2022 16:40	42657	476.2	722.8	78.7	30.61	30.99	30.14	0.194	27.05	27.76	26.3	0.301	1.511	4.7	0	0.918	68.74	874.9354	0
13/03/2022 16:50	42658	435.1	700	76.07	31.24	31.67	30.69	0.308	26.04	27.35	25.14	0.648	1.528	3.95	0	0.794	254.4	874.7205	0
13/03/2022 17:00	42659	392.9	672.9	72.6	31.14	31.57	30.72	0.21	26.02	26.61	25.48	0.225	1.223	3.95	0	0.863	122.4	874.7973	0
13/03/2022 17:10	42660	351.4	641.7	69.16	30.95	31.27	30.62	0.166	26.43	27.22	25.72	0.382	1.901	5.45	0	1.062	221.3	874.5401	0
13/03/2022 17:20	42661	308.9	608.3	65.67	31.25	31.57	30.99	0.123	25.8	26.4	25.17	0.27	1.639	4.7	0	0.878	128.3	874.5446	0
13/03/2022 17:30	42662	262.9	561.6	60.85	31.2	31.47	30.96	0.101	25.93	26.44	25.24	0.229	1.72	4.7	0	1.075	129.6	874.754	0
13/03/2022 17:40	42663	218	503.9	56.03	30.89	31.1	30.69	0.069	25.91	26.57	25.45	0.221	1.717	3.95	0	0.773	104.4	874.7903	0
13/03/2022 17:50	42664	175.1	443.1	50.79	30.91	31.3	30.65	0.158	25.59	26.4	24.56	0.468	1.271	3.2	0	0.97	173.6	874.7233	0
13/03/2022 18:00	42665	138	383	45.31	30.84	31.27	30.52	0.204	25.61	26.27	24.63	0.426	2.205	4.7	0	0.906	145.1	875.0291	0
13/03/2022 18:10	42666	101.4	308.9	38.7	30.52	30.79	30.18	0.161	26.37	27.01	25.79	0.271	2.083	3.95	0	0.973	163.5	874.8749	0
13/03/2022 18:20	42667	67.81	225.8	30.6	30.06	30.35	29.67	0.198	27.07	27.83	26.33	0.26	2.228	4.7	0	0.944	172	874.6589	0
13/03/2022 18:30	42668	36.74	112.4	20.92	29.53	29.84	29.22	0.157	28.05	28.65	27.49	0.256	1.953	3.95	0	0.699	106.6	874.8607	0
13/03/2022 18:40	42669	13.24	5.232	10.07	29.15	29.36	28.92	0.091	28.64	29.03	28.14	0.179	1.024	2.45	0	0.616	97.9	875.0783	0
13/03/2022 18:50	42670	2.893	0.007	1.842	28.78	29.02	28.48	0.118	29.17	29.64	28.65	0.214	1.043	2.45	0	0.562	130.6	874.9691	0
13/03/2022 19:00	42671	0	0.008	0	28.42	28.65	28.24	0.082	29.55	29.81	29.2	0.121	0.63	1.7	0	0.535	134	875.34	0
13/03/2022 19:10	42672	0	0.005	0	28.19	28.37	27.93	0.088	30.05	30.56	29.57	0.224	0.01	0.95	0	0.095	105.6	875.6357	0
13/03/2022 19:20	42673	0	0.006	0	27.92	28.1	27.77	0.058	30.54	31.07	30.29	0.149	0	0	0	0	13.69	875.4946	0
13/03/2022 19:30	42674	0	0.012	0	27.69	27.94	27.42	0.113	31.82	32.91	30.8	0.583	0.637	1.7	0	0.463	1.572	875.5624	0
13/03/2022 19:40	42675	0	0.014	0	27.35	27.56	27.12	0.092	32.58	33.22	31.86	0.329	0.642	1.7	0	0.472	352.8	875.5627	0
13/03/2022 19:50	42676	0	0.015	0	26.84	27.26	26.37	0.22	33.59	35.03	32.61	0.582	1.447	2.45	0	0.475	346.8	875.6298	0
13/03/2022 20:00	42677	0	0.018	0	26.2	26.48	25.83	0.15	34.28	35.33	33.22	0.47	2.466	3.2	1.7	0.414	342.2	875.928	0
13/03/2022 20:10	42678	0	0.009	0	25.67	25.97	25.42	0.117	35.52	36.26	34.82	0.328	2.548	3.2	1.7	0.357	337	875.8894	0
13/03/2022 20:20	42679	0	0.005	0	25.25	25.59	24.88	0.161	36.46	37.31	35.64	0.398	2.831	3.95	1.7	0.437	348.1	875.9606	0
13/03/2022 20:30	42680	0	0.009	0	25	25.15	24.88	0.042	36.71	37.21	36.08	0.267	2.433	3.2	0.95	0.45	341.6	876.3868	0
13/03/2022 20:40	42681	0	0.006	0	24.72	25.12	24.4	0.168	37.06	37.82	36.08	0.396	2.146	3.2	0.95	0.423	337.6	876.3007	0
13/03/2022 20:50	42682	0	0.007	0	24.28	24.57	24.06	0.114	38.01	38.57	37.28	0.285	1.973	3.2	0.95	0.425	319.1	876.4294	0
13/03/2022 21:00	42683	0	0.013	0	24.44	24.64	24.23	0.095	37.31	38.03	36.73	0.339	1.551	2.45	0	0.519	7.452	876.5669	0
13/03/2022 21:10	42684	0	0.009	0	24.19	24.4	23.89	0.124	38.02	39.15	37.38	0.521	1.667	2.45	0	0.399	271.6	876.5953	0
13/03/2022 21:20	42685	0	0.081	0	24.46	24.75	23.96	0.135	36.95	38.4	36.36	0.36	1.525	2.45	0	0.533	326.4	877.157	0
13/03/2022 21:30	42686	0	0.025	0	24.52	24.71	24.3	0.108	36.94	37.62	36.33	0.338	1.014	2.45	0	0.674	29.71	876.893	0
13/03/2022 21:40	42687	0	0.01	0	24.06	24.47	23.48	0.324	38.48	39.87	37.04	0.939	1.409	2.45	0	0.557	351.4	876.9752	0
13/03/2022 21:50	42688	0	0.009	0	23.56	23.72	23.42	0.045	39.78	40.21	39.5	0.148	1.387	2.45	0	0.425	333.9	877.0018	0
13/03/2022 22:00	42689	0	0.02	0	23.71	23.89	23.45	0.069	39.4	39.77	39.05	0.193	1.585	2.45	0	0.379	332.6	876.9412	0
13/03/2022 22:10	42690	0	0.023	0	23.86	24.03	23.69	0.069	39.28	39.67	38.98	0.172	1.435	2.45	0	0.385	327.9	877.1465	0
13/03/2022 22:20	42691	0	0.029	0	23.93	24.1	23.76	0.069	39.13	39.56	38.85	0.144	1.514	2.45	0.95	0.406	346.3	877.1876	0
13/03/2022 22:30	42692	0	0.011	0	23.7	23.86	23.49	0.069	39.57	40.42	39.09	0.291	1.229	2.45	0	0.545	346.2	877.1781	0
13/03/2022 22:40	42693	0	0.01	0	23.49	23.62	23.32	0.05	40.11	41.03	39.53	0.327	1.186	1.7	0	0.375	343.1	877.048	0
13/03/2022 22:50	42694	0	0.006	0	23.26	23.55	23.04	0.117	40.85	42.26	40.07	0.465	0.304	1.7	0	0.445	238.6	877.1053	0
13/03/2022 23:00	42695	0	0.129	0	23.43	23.66	23.18	0.104	40.81	42.26	39.87	0.705	1.041	2.45	0	0.813	168.5	877.4416	0
13/03/2022 23:10	42696	0	0.174	0	23.67	23.9	23.45	0.093	40.11	40.65	39.63	0.229	0.46	1.7	0	0.507	30.05	877.3832	0
13/03/2022 23:20	42697	0	0.004	0	22.95	23.9	22.6	0.362	43.17	44.16	39.77	1.047	1.315	2.45	0	0.483	298.8	877.2516	0
13/03/2022 23:30	42698	0	0.018	0	23.16	23.52	22.74	0.206	42.01	43.86	40.89	0.803	0.946	3.2	0	0.762	50.37	877.2043	0
13/03/2022 23:40	42699	0	0.005	0	22.39	23.01	21.65	0.404	45.04	46.86	43.38	0.969	0.901	2.45	0	0.651	191.7	877.2361	0
13/03/2022 23:50	42700	0	0.131	0	22.25	22.8	21.82	0.284	45.1	46.82	43.07	1.094	0.684	2.45	0	0.744	4.887	877.2361	0
14/03/2022 00:00	42701	0	0.096	0	22.14	22.67	21.41	0.349	45.38	47.5	43.58	1.197	1.62	2.45	0.95	0.451	332.5	877.1539	0
14/03/2022 00:10	42702	0	0.018	0	21.82	22.12	21.44	0.136	45.8	46.75	44.81	0.551	0.73	1.7	0	0.658	26.86	877.3505	0
14/03/2022 00:20	42703	0	0	0	21.6	21.78	21.31	0.095	46.77	48.15	46	0.517	0.22	1.7	0	0.451	18.15	877.4659	0
14/03/2022 00:30	42704	0	0.006	0	21.27	21.48	21.13	0.062	47.83	48.36	47.4	0.19	0.58	1.7	0	0.585	12.8	877.3672	0
14/03/2022 00:40	42705	0	0.171	0	21.42	21.65	21.24	0.073	47.61	48.22	46.41	0.466	1.029	1.7	0	0.469	43.7	877.6533	0
14/03/2022 00:50	42706	0	0.256	0	21.74	22.16	21.37	0.233	46.64	47.91	45.36	0.781	1.156	1.7	0	0.369	53.47	877.6369	0
14/03/2022 01:00	42707	0	0.038	0	21.68	22.19	21.37	0.232	46.5	47.33	45.36	0.44	1.219	2.45	0	0.534	354.1	877.6777	0
14/03/2022 01:10	42708	0	0.154	0	21.57	21.95	21.31	0.154	45.73	46.72	44.3	0.656	1.931	2.45	0.95	0.39	348.2	877.6365	0
14/03/2022 01:20	42709	0	0.086	0	21.8	22.09	21.54	0.123	45.03	46.38	43.52	0.793	1.189	2.45	0	0.516	344.1	877.5964	0
14/03/2022 01:30	42710	0	0.02	0	21.66	21.88	21.48	0.091	45.45	46.41	44.47	0.4	0.943	2.45	0	0.62	350.1	877.4973	0
14/03/2022 01:40	42711	0	0.005	0	21.12	21.65	20.52	0.235	47.34	48.83	45.97	0.616	1.895	2.45	0.95	0.346	354.5	877.3674	0
14/03/2022 01:50	42712	0	0.121	0	20.91	21.24	20.56	0.145	47.31	48.46	46.35	0.459	2.47	3.2	1.7	0.266	338.8	877.4562	0
14/03/2022 02:00	42713	0	0.116	0	21.16	21.44	20.86	0.127	46.74	47.54	46.07	0.36	2.403	3.2	1.7	0.315	340.9	877.3588	0
14/03/2022 02:10	42714	0	0.01	0	20.63	21.34	19.98	0.444	48.31	50.13	46.17	1.33	2.454	3.2	1.7	0.286	342.5	877.1141	0
14/03/2022 02:20	42715	0	0.007	0	20.12	20.39	19.98	0.073	49.52	50.13	48.42	0.352	2.355	3.2	1.7	0.39	340.6	877.1788	0
14/03/2022 02:30	42716	0	0.175	0	20.58	20.83	20.28	0.116	47.31	48.56	46.38	0.55	2.584	3.2	0.95	0.399	335.8	877.2769	0
14/03/2022 02:40	42717	0	0.037	0	20.59	20.83	20.42	0.088	46.81	47.2	46.21	0.169	2.465	3.2	1.7	0.37	334.5	877.2605	0
14/03/2022 02:50	42718	0	0.004	0	20.37	20.59	20.11	0.114	47.37	48.49	46.52	0.577	1.783	3.2	0	0.689	68.37	877.1459	0
14/03/2022 03:00	42719	0	0.001	0	20.44	20.59	20.21	0.061	47.01	47.98	46.21	0.341	0.137	1.7	0	0.343	354.5	877.032	0
14/03/2022 03:10	42720	0	0.207	0	20.64	20.83	20.42	0.079	45.61	46.65	44.91	0.419	1.51	2.45	0	0.58	321.1	877.0229	0
14/03/2022 03:20	42721	0	0.351	0	20.81	20.96	20.62	0.055	44.74	45.22	44.47	0.145	2.34	3.2	1.7	0.331	335.1	877.0649	0
14/03/2022 03:30	42722	0	0.034	0	20.47	20.79	20.11	0.148	45.81	47.06	44.95	0.481	2.549	3.2	1.7	0.336	347.9	877.1953	0
14/03/2022 03:40	42723	0	0.001	0	19.88	20.18	19.6	0.13	47.68	48.36	46.82	0.358	2.803	3.95	1.7	0.43	335.9	877.1871	0
14/03/2022 03:50	42724	0	0.007	0	19.77	19.94	19.6	0.054	47.84	48.22	47.47	0.152	2.604	3.2	1.7	0.404	332.9	877.1951	0
14/03/2022 04:00	42725	0	0.001	0	19.61	19.91	19.43	0.112	48.42	48.94	47.57	0.333	1.966	3.2	0.95	0.437	336.3	877.0073	0
14/03/2022 04:10	42726	0	0.001	0	19.52	19.64	19.4	0.043	48.72	49.11	48.36	0.137	1.074	2.45	0	0.66	299	877.1863	0
14/03/2022 04:20	42727	0	0.044	0	19.83	20.15	19.53	0.187	47.45	48.42	46.58	0.602	0.749	1.7	0	0.531	1.984	876.9261	0
14/03/2022 04:30	42728	0	0	0	19.63	20.11	19.29	0.244	49.48	50.47	46.86	0.95	0.127	0.95	0	0.323	183.1	876.9498	0
14/03/2022 04:40	42729	0	0.007	0	19.43	19.57	19.29	0.06	49.13	49.96	48.66	0.34	0.081	0.95	0	0.265	302.4	877.0647	0
14/03/2022 04:50	42730	0	0.08	0	19.24	19.53	18.89	0.17	50.17	51.7	48.97	0.85	0.563	2.45	0	0.684	334.1	877.0151	0
14/03/2022 05:00	42731	0	0.22	0	19.11	19.29	18.89	0.083	50.18	50.81	49.48	0.323	1.524	2.45	0.95	0.401	340.5	877.04	0
14/03/2022 05:10	42732	0	0.165	0	18.92	19.12	18.68	0.095	50.45	51.39	49.72	0.404	1.951	2.45	0.95	0.362	324.8	877.1863	0
14/03/2022 05:20	42733	0	0.044	0	18.78	19.02	18.58	0.08	50.87	51.39	50.23	0.245	1.969	2.45	1.7	0.36	326.7	876.9172	0
14/03/2022 05:30	42734	0	0.013	0	18.81	19.06	18.54	0.13	50.85	51.73	49.96	0.499	1.791	2.45	0.95	0.284	322.9	877.1884	0
14/03/2022 05:40	42735	0	0.01	0	18.61	18.75	18.44	0.051	51.57	51.97	51.12	0.172	1.533	2.45	0.95	0.341	315	877.3987	0
14/03/2022 05:50	42736	0	0.012	0	18.67	18.85	18.27	0.099	51.57	53.19	51.01	0.412	1.486	2.45	0.95	0.344	0.29	877.3184	0
14/03/2022 06:00	42737	0	0	0	17.94	18.37	17.73	0.131	54.17	54.76	53.09	0.341	1.234	1.7	0	0.53	330.8	877.4984	0
14/03/2022 06:10	42738	0	0.01	0	18.14	18.41	17.93	0.121	53.45	54.08	52.68	0.381	0.583	1.7	0	0.568	344	877.5066	0
14/03/2022 06:20	42739	0	0.052	0	17.99	18.34	17.73	0.16	54.03	54.52	52.99	0.347	1.596	2.45	0.95	0.332	321.9	877.6778	0
14/03/2022 06:30	42740	0	0.254	0	18.27	18.44	17.97	0.077	53.11	53.67	52.65	0.219	1.436	1.7	0.95	0.358	339.5	877.9807	0
14/03/2022 06:40	42741	0	0.009	0	17.78	18.2	17.59	0.132	54.83	55.48	53.47	0.402	1.488	2.45	0.95	0.346	331.8	877.9805	0
14/03/2022 06:50	42742	1.387	0.158	1.009	17.66	17.9	17.42	0.087	55.26	55.96	54.46	0.345	2.13	3.2	0.95	0.407	337.5	877.8902	0
14/03/2022 07:00	42743	8.58	4.619	7.934	18.41	18.82	17.76	0.281	52.59	54.66	51.32	0.899	2.099	2.45	1.7	0.374	323	878.2379	0
14/03/2022 07:10	42744	24.55	83.1	18.84	18.99	19.23	18.68	0.114	50.69	51.46	50.13	0.336	1.914	2.45	0.95	0.341	335.9	878.4315	0
14/03/2022 07:20	42745	53.69	189.1	29.4	19	19.26	18.75	0.094	51.14	52.45	50.13	0.491	1.803	2.45	0.95	0.325	293.3	878.5453	0
14/03/2022 07:30	42746	85.3	258.1	39.21	19.06	19.33	18.72	0.145	51.22	52.45	50.54	0.46	1.956	2.45	0.95	0.366	342.8	878.5367	0
14/03/2022 07:40	42747	121.3	356	48.41	19.51	19.91	19.12	0.19	50.19	51.39	49.65	0.409	1.726	2.45	0.95	0.274	333.1	878.8239	0
14/03/2022 07:50	42748	159.3	422.8	56.52	19.91	20.25	19.67	0.131	50.41	51.08	49.75	0.358	1.522	2.45	0	0.454	21.29	878.8475	0
14/03/2022 08:00	42749	198.9	480.9	63.9	20.6	21.2	20.11	0.276	49.72	50.4	48.73	0.416	1.384	3.2	0	0.621	4.549	879.1837	0
14/03/2022 08:10	42750	238.9	527.5	71.1	21.72	22.23	21.07	0.342	47.43	48.94	46.11	0.793	0.554	2.45	0	0.63	22.79	879.4041	0
14/03/2022 08:20	42751	279	566.3	78.29	22.39	22.8	22.02	0.206	46.16	46.96	44.88	0.451	0.73	2.45	0	0.756	48.49	879.731	0
14/03/2022 08:30	42752	319.6	599	85.9	22.79	23.04	22.5	0.11	45.65	46.58	44.81	0.389	1.013	2.45	0	0.66	73.72	879.8455	0
14/03/2022 08:40	42753	363.3	637.9	93.7	23.45	24.24	22.7	0.491	44.47	46.62	41.95	1.152	0.537	2.45	0	0.619	78.92	879.8533	0
14/03/2022 08:50	42754	403.9	664.8	102.5	24.01	24.24	23.62	0.15	42.51	43.41	41.47	0.471	0.683	1.7	0	0.615	172	879.8762	0
14/03/2022 09:00	42755	447.3	692.7	112.7	24.33	24.64	24.1	0.113	41.94	42.56	40.96	0.335	0.946	3.2	0	0.754	38.95	880.0543	0
14/03/2022 09:10	42756	481.6	699.2	124.3	24.53	24.81	24.2	0.122	41.86	42.59	40.93	0.361	1.255	2.45	0	0.799	122.2	880.0624	0
14/03/2022 09:20	42757	523.6	724.1	134.9	24.77	25.15	24.37	0.209	41.43	42.46	40.24	0.623	1.245	3.2	0	0.731	155.1	880.2029	0
14/03/2022 09:30	42758	556	731.6	143.9	25.09	25.53	24.71	0.208	40.12	41.61	39.05	0.622	1.182	3.95	0	0.847	64.26	880.342	0
14/03/2022 09:40	42759	598.2	753.3	153.9	25.11	25.49	24.78	0.18	40.4	41.2	39.25	0.498	1.883	3.95	0	0.923	124.2	880.3389	0
14/03/2022 09:50	42760	623.2	745.9	162.1	24.83	25.22	24.4	0.215	40.82	42.35	39.66	0.564	2.143	3.95	0	0.64	97.2	880.381	0
14/03/2022 10:00	42761	640.6	730.9	168.9	25.29	25.52	24.98	0.13	40.03	40.79	39.29	0.332	0.997	3.95	0	0.765	153.3	880.4041	0
14/03/2022 10:10	42762	679.1	749.6	176.3	25.79	26.13	25.42	0.133	39.01	40.17	37.95	0.435	1.087	3.2	0	0.89	153.3	880.2027	0
14/03/2022 10:20	42763	714.6	769.4	176.6	26.24	26.51	26	0.1	38.65	39.69	37.78	0.435	1.692	4.7	0	1.039	169.8	880.1738	0
14/03/2022 10:30	42764	747.2	784.7	174.2	26.16	26.57	25.59	0.272	38.75	40.31	37.31	0.695	1.448	3.2	0	0.918	77.16	880.0947	0
14/03/2022 10:40	42765	780.1	801	169.7	26.33	26.74	25.79	0.248	38.06	39.45	36.9	0.629	1.468	3.2	0	0.741	266.1	879.8684	0
14/03/2022 10:50	42766	809	814	165	26.69	27.01	26.26	0.188	37.25	38.12	35.94	0.487	1.602	3.95	0	0.895	80.3	879.6786	0
14/03/2022 11:00	42767	834	822	158.5	26.51	27.22	25.85	0.353	37.24	38.57	35.98	0.671	0.837	3.2	0	0.885	211.8	879.4034	0
14/03/2022 11:10	42768	860	830	153.1	27.03	27.49	26.71	0.188	36.22	37	35.3	0.379	1.665	4.7	0	1.07	56.55	879.5862	0
14/03/2022 11:20	42769	886	842	146.1	26.71	27.52	25.78	0.601	36.78	39.04	34.85	1.264	1.614	3.95	0	0.882	133.2	879.4412	0
14/03/2022 11:30	42770	910	859	138.6	26.93	27.97	25.85	0.643	35.66	38.53	32.57	1.825	1.393	3.2	0	0.917	37.71	879.4684	0
14/03/2022 11:40	42771	925	862	134.8	27.91	28.41	27.45	0.203	32.81	33.39	31.85	0.311	1.322	3.2	0	0.638	206.2	879.1822	0
14/03/2022 11:50	42772	932	854	133.9	27.58	28.13	27.28	0.198	33.4	34.51	31.89	0.614	1.571	3.95	0	0.846	105.9	878.8436	0
14/03/2022 12:00	42773	937	848	133.8	27.35	27.69	26.91	0.215	34.11	35.05	33.11	0.53	1.059	3.95	0	0.998	139.4	878.5281	0
14/03/2022 12:10	42774	947	847	135.2	28.37	28.88	27.55	0.326	32.69	33.56	31.68	0.456	2.213	4.7	0	1.063	104.5	878.3568	0
14/03/2022 12:20	42775	949	839	137.2	27.9	28.34	27.49	0.222	33.55	34.58	32.57	0.426	1.65	3.95	0	0.959	19.4	878.1689	0
14/03/2022 12:30	42776	958	842	138.7	28.17	28.71	27.83	0.211	32.99	33.73	32.02	0.389	2.11	3.95	0	0.792	89.4	877.7927	0
14/03/2022 12:40	42777	964	843	139.5	28.19	28.78	27.69	0.354	32.97	34.03	31.89	0.607	2.161	4.7	0	1.213	77.35	877.9221	0
14/03/2022 12:50	42778	965	844	139.4	28.21	28.78	27.83	0.212	32.87	33.73	32.09	0.419	2.233	3.95	0	0.791	66.2	877.4283	0
14/03/2022 13:00	42779	965	849	136.9	29.29	29.97	28.71	0.332	31.36	32.29	29.84	0.518	2.466	5.45	0	1.027	233.2	877.3871	0
14/03/2022 13:10	42780	965	853	134.6	28.54	29.12	28.2	0.196	31.81	32.64	30.97	0.322	2.266	6.2	0	1.266	226.8	877.0886	0
14/03/2022 13:20	42781	963	861	131.2	29.95	30.58	28.95	0.441	29.86	31.48	28.58	0.798	2.354	5.45	0	1.103	121.9	876.9854	0
14/03/2022 13:30	42782	957	863	128.1	30	30.31	29.63	0.193	29.17	29.91	28.55	0.3	1.802	3.95	0	0.844	152.1	876.6744	0
